# CA institutions ranked 101-200 by 2024 total enrollment
# Excludes Administrative Units (no campus). One unitid per line.
122436
123509
444130
117690
110334
114266
117247
123563
125471
445188
123299
120290
112385
262086
121150
122612
113218
115861
117052
122746
117894
125091
366401
409698
490133
125499
120421
119067
118772
120883
118930
113111
497046
111434
112826
126119
125170
109785
115755
108667
114938
123572
459204
441937
111896
108232
436429
110097
117715
112686
117140
119331
118347
121363
121309
121707
458210
110468
124113
448594
367954
118684
117636
125462
455512
117195
120953
112525
112075
459213
110413
455664
109907
115083
121691
110699
446561
114813
117751
112561
123554
443331
458229
447050
441229
119678
110404
482431
459727
122685
119173
109651
484002
123651
447768
497480
125532
109040
490285
114433
