# CA institutions — all remaining real campuses (rank 201+), enrollment-desc.
# Built 2026-06-01. Source: ipeds.drv_fall_enrollment (data_year=2024), enrtot DESC NULLS LAST.
# Excludes Administrative Units, inactive (Sector unknown), and the 200 already in
#   ca_top100.txt + ca_rank_101_200.txt. Includes ALL sectors (incl. for-profit) per user decision 2026-06-01.
# 439 institutions. One bare unitid per line; '#' lines ignored.
117274
395362
117672
118198
122296
113698
114840
120254
474863
110316
122728
112251
487597
121345
441052
470038
439367
123484
117627
438504
492306
492315
492324
482291
112260
431141
447607
393649
125727
110370
111081
120403
119553
121257
494357
448433
384245
110398
110778
459736
123165
433013
461148
454786
124681
468909
120768
120698
123095
384236
120537
397942
123970
123457
400080
496627
447616
120865
488800
371690
115409
442444
114549
245838
115010
480471
111966
125897
111188
115746
119270
468848
118693
122694
125763
378576
117168
115931
111638
489353
445364
115773
484844
480019
120078
123943
484376
111391
475176
447777
437936
118888
494746
112288
378105
481386
440031
117104
446118
117520
488572
457299
447351
496043
457077
492449
260789
124292
114354
448895
495192
491950
493080
489858
434140
443571
456852
119058
449384
455433
126012
447759
371964
484367
399869
401223
432384
490878
399911
497338
383084
112394
433004
262457
450960
393861
122506
117557
450696
417105
116846
123952
438258
480204
118994
413680
485519
455868
442240
120166
120069
498456
108870
484862
461263
422020
482060
442657
433420
400187
487649
486558
495952
109934
108977
246974
377722
114585
457323
447953
489371
109721
455761
110194
490081
120184
123642
481058
491808
120087
454698
499413
125037
485573
449986
462354
479424
119775
123448
422835
488387
111717
395690
110060
245847
126049
446385
454546
481775
121859
480781
422695
442985
112367
497107
121628
117955
492661
449968
483373
448372
491756
111708
459198
490045
124706
114460
123350
454795
456597
111513
459170
447810
484233
123679
124283
490160
368771
483878
119951
117803
450988
500342
455734
123633
121868
484206
365125
493512
476799
447713
114947
459231
481960
372073
491464
382258
454801
111799
491659
454768
455770
454777
401250
115357
126076
111744
117575
483230
124937
457086
116563
461856
468769
122649
495271
114114
115214
117238
411684
439747
439871
444325
377759
120661
496469
486248
111762
381325
487995
498331
449870
493761
462062
113449
111726
486372
483009
120795
111045
110875
498872
485494
457253
444510
447731
461829
384306
461607
108269
112181
495961
457314
461175
108852
117283
121637
488031
488411
491190
461254
112455
108861
125718
449357
481289
416458
481191
116226
122117
120838
371928
491899
481128
485403
488192
111054
124487
125082
112084
381255
381282
113582
485412
121433
491880
123493
371830
481474
495077
118143
118958
475282
479974
114734
118161
443207
496663
491543
447801
444361
400558
475228
495998
115658
123916
485500
492953
495059
417123
486433
441256
112570
372028
372082
457208
118134
437750
114761
495934
476780
449393
442888
489335
462336
496654
488563
497435
457271
428125
499884
490197
113704
493956
498836
446093
454759
113616
481535
497736
480000
486497
447722
476595
125310
444529
372240
114637
368832
496399
417062
419183
487773
494658
112127
495174
461500
491507
492209
481182
481298
484631
498748
499103
454722
456588
491853
123280
483957
499893
447795
479992
493619
493479
486123
475705
486488
490124
109730
262369
440819
442930
449445
475237
483221
486141
488785
495350
496186
